AP(A型沖頭)  //page 49~51                  M*L (M*長度)                 小端長
D(第二階直徑) T(突緣厚) H(突緣直徑) Set_scr(止付螺絲) Screw(固定螺絲)  B(len1)  T  W  U 
   0          5(5.7)      5(6)          12 10              0           8       12  5  0.5
   3          5(5.7)      5(6)          12 10              0           8       12  5  0.5
   4          5(5.7)      7(8)          12 10              0           8       12  5  0.5
   5          5(5.7)      8(10)         14 12              3           8       12  5  0.5
   6          5(5.7)      9(10)         14 12              3           8       12  5  0.5
   7          5(5.7)      10(12)        16 10              3           8       12  5  0.5
   8          5(5.7)      11(12)        16 10              4           13      12  5  1.0
   9          5(5.7)      12(14)        18 10              4           13      12  5  1.5
   10         5(5.7)      13(14)        18 10              5           13      12  5  1.5
   11         5(5.7)      14(16)        20 12              5           13      12  5  1.5
   12         5(5.7)      15(16)        20 12              5           13      12  5  1.5
   13         5(5.7)      16(18)        22 12              6           13      12  5  1.5
   14         5(5.7)      17(18)        22 12              5           13      12  5  1.5
   15         5(5.7)      18(20)        24 12              6           13      12  5  1.5
   16         5(5.7)      19(22)        26 12              6           19      12  5  1.5
   17         5(5.7)      20(22)        26 12              6           19      12  5  1.5
   18         5(5.7)      21(22)        26 12              6           19      12  5  1.5
   19         5(5.7)      22(24)        28 12              6           19      12  5  1.5
   20         5(5.7)      23(25)        28 12              6           19      12  5  1.5
   21         5(5.7)      23(25)        28 12              6           19      12  5  1.5
   22         5(5.7)      25(26)        30 12              6           19      12  5  1.5
   23         5(5.7)      26(28)        33 12              6           19      12  5  1.5
   24         5(5.7)      27(28)        33 12              6           19      12  5  1.5
   25         5(5.7)      28(30)        33 12              6           19      12  5  1.5
-
BP(B型沖頭)  //page 116~123                 M*L (M*長度)
D(公稱直徑) T(突緣厚) H(突緣直徑)  Set_scr(止付螺絲) Screw(固定螺絲)
    2        5(5.7)     4(8)        12  10                2              
    3        5(5.7)     5(8)        12  10                2              
    4        5(5.7)     6(8)        12  10                3              
    5        5(5.7)     7(9)        12  10                3             
    6        5(5.7)     8(10)       14  10                4              
    7        5(5.7)    10(12)       16  10                4              
    8        5(5.7)    11(12)       18  10                4              
   10        5(5.7)    13(14)       18  10                5              
   11        5(5.7)    14(16)       20  12                5              
   12        5(5.7)    15(16)       20  12                5              
   13        5(5.7)    16(18)       22  12                6              
   14        5(5.7)    17(20)       22  12                6              
   16        5(5.7)    20(22)       26  12                6              
   18        5(5.7)    22(24)       28  12                6              
   20        5(5.7)    24(26)       30  12                6   
-----------------------------------------------------------------------
APP(A型引導沖頭) //page 287    (止付螺絲M*長度)(固定螺絲)小端長   彈簧  襯套 襯套突緣直徑
D(第二階直徑)T(突緣厚)H(突緣直徑)Set_scr      Screw      B(len1)  Do    D2    H2
   3         5(5.7)     5(6)       10 10        0        10       5     5     6(7)
   4         5(5.7)     6(8)       10 10        0        10       6     6     9(10)
   5         5(5.7)     6(9)       10 10        3        10       8     8     11(12)
   6         5(5.7)     8(10)      10 10        4        10       8     8     11(12)
   8         5(5.7)     11(12)     12 10        5        15       10    10    13(14)
   10        5(5.7)     13(14)     16 10        6        15       13    13    16(18)
   13        5(5.7)     16(17)     18 10        6        15       16    16    19(20)
   16        5(5.7)     19(20)     20 12        6        21       18    20    23(24)
   20        5(5.7)     23(24)     24 12        6        21       22    22    25(26)
   25        5(5.7)     28(30)     30 12        6        21       27    32    35(36)
-----------------------------------------------------------------------
TAP(抽牙沖頭)         // page479~481    M*L (M*長度)  M2.6~M4是t=0.8mm  M5是t=1.0mm
D外徑 V小徑 T突緣厚 H突緣徑 B小徑長 P抽孔徑 S抽孔長 Set_scr止付螺絲 Screw固定螺絲
   3*2.5     5(5.7)   5(6)    8       1.5      0          12    10      2
   3.5*2.5   5(5.7)   5(6)    8       1.5      0          12    10      2
   2.8*2.8   5(5.7)   5(6)    8       1.5      0          12    10      2
   3.2*3.2   5(5.7)   5(6)    8       1.5      0          12    10
   3.0*2.8   5(5.7)   5(6)    8       1.5      0          12    10      2
   4.0*1.1   4(5.7)   6(8)    8       0.4      0          12    10      
   4.0*2.76  5(5.7)   6(8)    8       1.5      0          12    10
   3.7*3.7   5(5.7)   6(8)    8       2.6      0          12    10        
   4*3.7     5(5.7)   6(8)    8       2.6      0          12    10        
   5*2.76    5(5.7)   7(8)    8       3        0          12    10       3
   6*4.62    5(5.7)   8(10)   8       5        0          14    10       3
   8*4.67    5(5.7)   11(12)  8       5        0          16    10       4
-----------------------------------------------------------------------
SALA(打沙拉)                             M*L (M*長度)                   小端長
D(第二階直徑) T(突緣厚) H(突緣直徑) Set_scr(止付螺絲) Screw(固定螺絲)  B(len1)
    4        5(5.7)     6(8)        12  10                3             8
    5        5(5.7)     7(8)        12  10                3             8
    6        5(5.7)     8(10)       14  10                4             8
    7        5(5.7)    10(12)       16  10                4             8
    8        5(5.7)    11(12)       18  10                4             13
   10        5(5.7)    13(14)       18  10                5             13            
   12        5(5.7)    15(16)       20  12                5             13            
   14        5(5.7)    17(20)       22  12                6             13
   16        5(5.7)    20(22)       26  12                6             19
   20        5(5.7)    23(24)       24  12                6             19
   25        5(5.7)    28(29)       30  12                6             19
-----------------------------------------------------------------------
POT(打凸點)                             M*L (M*長度)                  小端長
D(第二階直徑) T(突緣厚) H(突緣直徑) Set_scr(止付螺絲) Screw(固定螺絲) B(len1)
    2        5(5.7)     4(5)        12  10                2           8   
    3        5(5.7)     5(6)        12  10                2           8   
    4        5(5.7)     6(7)        12  10                3           8   
    5        5(5.7)     7(8)        12  10                3           8  
    6        5(5.7)     8(9)        14  10                4           8   
    7        5(5.7)    11(12)       14  10                4           8 
    8        5(5.7)    11(12)       14  10                4           8 
   10        5(5.7)    13(14)       18  10                5           8   
   13        5(5.7)    16(17)       18  12                6           13
   16        5(5.7)    19(20)       20  12                6           19
   20        5(5.7)    23(24)       24  12                6           19
   25        5(5.7)    28(29)       30  12                6           19 
-----------------------------------------------------------------------
BPP(B型引導沖頭) //page 303     止付螺絲*長度  固定螺絲  彈簧  襯套 襯套突緣直徑
D(公稱直徑) T(突緣厚) H(突緣直徑) Set_scr         Screw   Do    D2     H2
  1.6       5(5.7)      4(5)      6 10             3        8.5  8     12(14)
   2        5(5.7)      4(5)      6 10             3        8.5  8     12(14)
   3        5(5.7)      5(6)      8 10             3        12   10    14(16)
   4        5(5.7)      6(7)      8 10             3        12   10    14(16)
   5        5(5.7)      7(8)      10 12            3        12   10    14(16)
   6        5(5.7)      8(10)     10 12            3        12   12    16(18)
   7        5(5.7)      9(10)     12 12            3        12   12    16(18)
   8        5(5.7)      10(12)    12 12            4        12   12    16(18)
   9        5(5.7)      11(14)    14 12            4        12   12    16(18)
   10       5(5.7)      12(14)    14 12            5        16   15    20(22)
   11       5(5.7)      14(15)    18 12            5        16   15    20(22)
   12       5(5.7)      15(16)    18 12            6        16   15    20(22)
   13       5(5.7)      16(17)    20 12            6        20   18    22(24)
   14       5(5.7)      18(19)    22 12            8        20   18    22(24)
   15       5(5.7)      20(21)    24 12            8        20   18    22(24)
-----------------------------------------------------------------------
CPP(脫料板引導沖)  //page 315           M*L (M*長度)
CPP D     T(突緣厚)  H(突緣直徑)   Set_scr(止付螺絲)
    2       3(3.6)    4(6)            12  10                     
    3       3(3.6)    5(6)            12  10                    
    4       3(3.6)    6(8)            12  10                    
    5       3(3.6)    7(8)            12  10                  
    6       3(3.6)    8(10)           14  10                                         
    8       3(3.6)   11(14)           18  10                     
   10       3(3.6)   13(14)           18  10                                         
   12       3(3.6)   15(16)           20  12                                         
   14       3(3.6)   17(20)           22  12                     
   16       3(3.6)   20(22)           26  12                     
   18       3(3.6)   22(24)           28  12                     
   20       3(3.6)   24(26)           30  12 
-----------------------------------------------------------------------
CSR(等高套筒)  // page 625~628     M*L (M*長度)
D(公稱直徑)S1(固定螺絲)H(突緣直徑)Set_s(止付螺絲)Do(彈簧外徑)S2(倒吊螺絲)  T(突緣厚)
   9       6           13(15)      16   12             18           4        3
   11      8           16(18)      30   12             30           6        3
   13      10          18(20)      22   12             22           8        3
   14      10          18(19)      22   12             22           8        3
   15      12          20(21)      22   12             22           8        3
   16      10          24(26)      30   12             27          10        5
   17      8           27(28)      30   12             28           8        3
   18      12          24(25)      30   12             26           8        3
   20      10          28(30)      30   12             30           10       6
   25      10          32(34)      32   12             30           10       10
  -9       6.35        13(15)      18   12             18           6        3     1.0
  -11      7.94        16(18)      22   12             22           8        3     1.5
  -13      9.53        18(20)      24   12             22           8        3     1.5
  -14      10          18(19)     22.22 12             22           8        3
  -16      12.7        21(22)     30   12              24           10       3     1.75
  -19.05   12.7        30(31)     38.1  25             30           10       3     1.75
------------------------------------------------------------------------------
MSB(等高螺絲)   // page 624                
D(公稱直徑) H(頭部直徑) B(六角槽寬) C(槽深) T(頭部厚) F(牙長) M(螺絲)Set_s(止付螺絲)Do(彈簧外徑)
   6.5      10(12)      4           2.5     5         9       5      12  10   10
   8        13(14)      5           3       6         9       6      14  10   12
   10       16(18)      6           4       8         12      8      20  12   16 
   13       18(20)      8           5       10        16      10     22  12   18
   16       24(26)      10          7       14        18      12     28  12   25
   20       27(30)      14          9       18        24      16     33  12   25 
   25       33(35)      17          11      19        30      20     33  12   27
  -6.5      9.5(12)     4           2.5     5         9       4.83   12  10   10
  -8        11.1(14)    5           3       6         9       6.35   14  10   12
  -10       14.3(16)    8           5       10        16      7.94   22  12   18
  -13       19(21)      10          7       14        18      9.53   25  12   22
  -16       23(25)      14          9       18        24      12.7   27  12   25
------------------------------------------------------------------------
GPB(內導柱)    導柱        導柱                                      //page771~788
D(公稱直徑)H(突緣直徑)T(突緣厚)D2(導套外徑)H2(導套突緣)T2(導套突緣厚)(固定螺絲scr)中柱式螺絲規格 長度 數量 中心距
   13       16(21)       5(5.7)      18        21(23)       3.0(3.6)           6 29
   14       17(19)       5(5.7)      20        24(26)       5.0(5.7)           6 29
   16       20(21)       5(5.7)      22        25(27)       3.0(3.6)           6 29
   18       21(23)       5(5.7)      23        26(29)       3.0(3.6)           6 29
   20       23(25)       5(5.7)      25        28(30)       3.0(3.6)           8  5  12  3  12
   22       25(27)       5(5.7)      27        28(30)       3.0(3.6)           8  5  12  3  12
   25       28(30)       5(5.7)      32        35(37)       3.0(3.6)           8  6  15  3  15 
   30       33(35)       5(5.7)      37        40(42)       3.0(3.6)           8  6  15  3  15
-----------------------------------------------------------------------
OGPB(外導柱)           導柱     導柱
D(公稱直徑) H(突緣D) T(突緣厚) L1(柄長1)L2(柄長2)(screw)D2 D3
   28       39(40)   10        10       20        10    36 27.5  page 819
   32       44(45)   10        10       23        10    40 31.5  page 819
   36       54(55)   10        10       23        10    40 31.5  page 819
   38       53(54)   12        10       27        12    49 37.5  page 819
   40       55(56)   12        10       30        12    52 41.5  page 819
   45       59(60)   12        10       32        12    55 44.5  page 819
   50       69(70)   15        10       35        14    62 49.5  page 819
   60       79(80)   15        10       42        14    72 59.5  page 819
   63       79(80)   15        10       49        14    72 59.5  page 819
-----------------------------------------------------------------------
NBL(導套)   外徑      //page 823~824 外導柱用
D(公稱直徑) D2
   28       40   
   32       54
   36       54
   38       51
   40       56
   45       63
   50       68
   60       80
   63       81
-----------------------------------------------------------------------
NDO(鋼珠套)   珠徑     內徑   外徑   //page 826 外導柱用
D(公稱直徑)
   28         3        36     48
   32         4        40     54
   36         4        44     58
   38         5        48     63
   40         5        50     67
   45         5        55     74
   50         5        60     75
   60         5        70     95
-----------------------------------------------------------------------
GLS(兩用銷)    //page 655                               M*P (M*長度)
D(公稱直徑) d(槽徑) e(導料部長) H(突緣直徑) h(螺絲高度)Set_s(止付螺絲)T(突緣厚) A
   4        2.0     5           6(8)         8           8  10         3     0.8
   6        3.6     6.5         8(10)        10          10 10         3     1.5
   8        5.0     7           10(11)       10          12 10         3     2.0
   10       6.0     7.5         13(14)       10          16 10         3     2.5
   13       7.0     8.0         16(18)       12          20 12         3     3.0
   16       8.0     9           19(20)       12          22 12         3     4.0
   20      10.0     9           23(24)       12          27 12         3     4.0
   25      18.0     9           25(26)       12          20 12         3     4.0 
   12       9.0     10.0         14(14)       12          20 12         3     3.0
  
-----------------------------------------------------------------------
LPS(浮升頂料銷)            M*P (M*長度)(十字型) //page659   page487(1.0~3.0是內頂用) 
D(公稱直徑)H(突緣直徑) h(螺絲高度) Set_s(止付螺絲)  T(突緣厚)  D1
  3        4(4.2)       5           5  5               3        3
  4        6(7)         8           8  8               3        4
  6        8(10)        8           10 10              3        6
  8        10(12)       8           12 10              3        8
  10       13(14)       8           16 10              3        10
  12       14(16)       8           16 10              3        12
  13       16(18)       12          20 12              3        12   
  16       19(20)       12          22  12             3        14
  20       23(24)       12          27  12             3        14
 1.0       2.8(3.3)     3           4  4               3        1.0
 1.2       2(3.3)       8           4  4               3        1.2
 1.5       2.5(3.3)     8           4  4               3        1.5
  2        3(3.3)       8           4  4               3        2  
---------------------------------------------------------------------------------
AIR(吹氣銷)     //page 663            M*P (M*長度)            
D(公稱直徑)H(突緣直徑) h(螺絲高度)Set_s(止付螺絲) T(突緣厚) d(進氣孔)  d1(出氣孔)
  4        6(7)         8           8  8            3       2          1.5 1.5
  6        8(9)         10          10 10           3       2.5        1.5 2.5
  8       10(11)        10          12 10           3       3.5        2.0 3.5
 10       13(14)        10          16 10           3       3.5        2.0 4.5
---------------------------------------------------------------------------------
POS_PIN(定位銷)                     M*P (M*長度)                (十字型)
D(公稱直徑)H(突緣直徑) h(螺絲高度)Set_s(止付螺絲) T(突緣厚) 螺絲  D1
   4       6(7)         8           8  8          4.0        3     3
   5       7(8)         8           8  8          4.0        3     3
   6       8(9)         10          10 10         4.0        3     4.6
   8       10(11)       10          12 10         5.0        4
   10      13(14)       10          16 10         5.0        5
   12      15(16)       10          18 10         5.0        5
   13      16(17)       12          20 12         5.0        6
   16      19(20)       12          22 12         5.0        8
   18      21(23)       12          22 12         5.0        8
   20      23(225)       12          22 12         5.0        8
   18      21(23)       12          22 12         5.0        8
   22      23(225)       12          22 12         5.0        8

---------------------------------------------------------------------------------
BLS(頂料銷 浮升頂料塊專用)       //page 666       M*L (M*長度)
D(公稱直徑)H(突緣直徑) Screw(螺絲)Scr_len(螺紋深)Set_s(止付螺絲) T(突緣厚)
    6     8(10)         8           15            10 10               3    
    8    10(12)         8           15            12 10               3       
   10    13(14)         8           15            14 10               3    
   12    14(16)         8           15            16 10               3 
   13    16(18)         8           15            20 12               3
---------------------------------------------------------------------------------                                                  M*L (M*長度)
SAFE(安全銷)   //page 355
D(第二階直徑) T(頭部厚度) H(頭部直徑)  Set_scr(止付螺絲) Screw2(固定螺絲)
   4          5(5.3)      6(8)         8  10                 5     (reserve )
   5          5(5.3)      7(10)        10 12                 5
   6          5(5.3)      8(10)        10 10                 5
   8          5(5.3)     10(11)        12 10                 5
   10         5(5.3)     12(13)        14 10                 5
-----------------------------------------------------------------------
LLP(合  銷)  pin
D(第二階直徑) T(頭部厚度) H(頭部直徑)
   3        5.3(5.3)     8
   4        5(5.3)     6
   5        5(5.3)     7
   6        5(5.3)     8
   8        5(5.3)     10
   10       5(5.3)     12
   12       5(5.3)     15
   14       5(5.3)     16
   16       5(5.3)     18
   20       5(5.3)     22
   3.175               
   4.7625
   6.35 
   7.9375
   9.525
   11.1125
   12.7
   15.875
   19.05
   22.225

-----------------------------------------------------------------------
MSW(止付螺絲)
外徑  長度  牙數  英製   內螺牙內徑
M2.5   3    0.45   M          2.0
M3     3    0.5    M          2.5
M4     4    0.7    M          3.3
M5     5    0.8    M          4.2
M6     6    1.0    M          5.0
M8     8    1.25   M          6.8
M10    10   1.5    M          8.5
M12    12   1.5   M          10.4
M14    10   1.5    M          12.5
M16    10   1.5    M          14.5
M18    10   1.5    M          16.5
M20    12   1.5    M          18.5
M22    12   1.5    M          20.5
M24    12   1.5    M          22.5
M25    12   1.5    M          23.5
M26    12   1.5    M          24.5
M27    12   1.5    M          25.5
M28    12   1.5    M          26.5
M30    12   1.5    M          28.5
M33    12   1.5    M          31.5
M34    12   1.5    M          32.5
M36    18   1.5    M          34.5
M38    18   1.5    M          36.5
M40    18   1.5    M          38.5
M42    18   1.5    M          40.5
M45    18   1.5    M          43.5
W3.5   9.5  32    #6           2.8
W4.16  9.5  32    #8           3.4
W4.83  9.5  32    #10          4.1
W6.35  9.5  20    W1/4         5.1
W7.94  9.5  18    W5/16        6.6
W9.53  9.5  16    W3/8         8
W11.11 9.5  20    W7/16        9.9
W12.7  9.5  20    W1/2         11.5
W15.88 9.5  18    W5/8         14.5
W19.05 12.7 16    W3/4         17.5
W22.22 12.7 14    W7/8         20.5
W25.4  12.7 12    W1           23
W38.1  12.7 12    W1-1/2       36
-----------------------------------------------------------------------
MA(M型母模襯套)                   切口長       內徑
 D(公稱直徑) H(突緣直徑) T(突緣厚) t(cut_len) d(In_dia) Set_s(止付螺絲)
   3          4(5.5)     3(3.6)    2           0.4           5  5
   4          5(7)       3(3.6)    2           0.4          8  8
   5          6(8)       3(3.6)    2           0.4           8  8
   6          8(10)      5(5.7)    3           0.8          10 10
   8          10(12)     5(5.7)    3           0.8          12 12
   10         12(14)     5(5.7)    3           1          14 14
   12         14(16)     5(5.7)    3           1          16 16
   13         15(18)     5(5.7)    3           1          18 18
   14         16(18)     5(5.7)    3           1          18 18
   16         18(20)     5(5.7)    3           1         22 12
   20         22(24)     5(5.7)    3           1         26 12
   22         25(27)     5(5.7)    3           1         26 12
   25         28(30)     5(5.7)    3           1         34 12
   32         35(37)     5(5.7)    3           1         36 12
-------------------------------------------------------------------------
limiter (限高柱)              
  D(直徑) h(突緣直徑) T(突緣厚)
   6        8(10)       4        
   8        10(12)      4        
   10       12(14)      4  
-----------------------------------------------------------------------
FIXED_KEY(沖頭固定鍵)              
 M(螺絲) D(直徑) d(內徑) T(厚)
   4        10    4.2     3 
   5        12    5.2     3 
   6        14    6.2     3 
-----------------------------------------------------------------------
SPRING(彈簧)
   WR
   SWF
   SML
   SMW
-----------------------------------------------------------------------
M_SCREW(公製螺絲)
        pitch  h_dia h_high  hex     sink_dia  sink_neck sink_deep
        牙距  頭徑 頭部厚 六角槽寬 沉頭直徑 頸部直徑 沉頭深 內螺牙內徑 止付螺絲 厚度 角度
M2      0.5   4     2      2       4.5       2.5      4      1.6         4       2    45
M3      0.5   5.5   3      2.5     6         3.5      5      2.5         4       3    45
M4      0.7   7     4      3       8         4.5      7      3.3         4       4    45
M5      0.8   8.5   5      4       10        5.5      8      4.2         5       5    45
M6      1.0   10    6      5       11        7        9      5.0         6       6    45
M8      1.25  13    8      6       15        9.5      11     6.8         8       8    45
M10     1.5   16    10     8       18        12    13     8.50        10      10   45
M12     1.75  18    12     10      20        14    15     10.5        12      12   45
M14     2.0   21    14     12      22        15       25     12.5        14      14   45
M16     2.0   23    16     14      26        17       19     14.0        16      16   45
M18     2.5   27    18     16      27        19       21     15.5        18      18   45
M20     2.5   30    20     18      31        21       23     17.5        20      20   45
M22     2.5   33    22     20      34        23       25     29.5        22      22   45
M24     3.0   36    24     22      37        25       27     21.0        24      24   45
M30     3.5   45    30     28      46        31       33     26.5        30      30   45
M33     3.5   45    30     28      46        31       33     29.5        33      30   45
M36     3.5   45    30     28      46        31       33     32.5        36      30   45
W3.18   40    5.2   3.2    2.4     7         4        8      2.5         #5
W3.5    32    5.7   3.5    2.8     8         4.5      9      2.8         #6
W4.17   32    6.9   4.2    3.6     10        5        7      3.4         #8
W4.83   32    7.9   4.8    4       10        6        8      4.1         #10
W6.35   20    9.5   6.3    4.8     11.5      7.5      10     5.1         W1/4
W7.94   18    12    7.9    6.35    14        9        11     6.6         W5/16
W9.53   16    14.3  9.5    8       16        10.5     13     7.9         W3/8
W11.11  14    16.7  12     11.1    19        12       14     9.4         W7/16
W12.7   13    19    12.7   9.5     21        14       16     10.7        W1/2
W14.29  12    21.4  14.3   11     24        16.5     17     12.3        W9/16
W15.88  11    23.8  15.8   12.7   27        17       19     13.9        W5/8
W19.05  10    28.6  19     15.9   32        20       21     16.7        W3/4
W22.22  9     33    22.3   19     36        23.5     25     19.5        W7/8
W25.4   8     38    25.4   19     41        26.5     29     22.2        W1
------------------------------------------------------------------------
E_SCREW(英製螺絲)
       pitch  h_dia h_high hex     sink_dia  sink_neck sink_deep
       牙數  頭徑  頭厚  六角槽 沉頭直徑 頸部直徑  沉頭深
3.18   40    5.2   3.2     2.4    7         4        8      2.5         #5
3.5    32    5.7   3.5     2.8    8         4.5      9      2.8         #6
4.17   32    6.9   4.2     3.6    10        5        7      3.4         #8
4.83   24    7.9   4.8      4     10        6        8      3.9         #10
6.35   20    9.5   6.3     4.8    11.5      7.5      10     5.1         W1/4
7.94   18    13    8       6.35   15        9        11     6.6         W5/16
9.53   16    16    10      8      18        11       13     7.9         W3/8
11.11  14    16.7  12      11.1   19        12       14     9.4         W7/16
12.7   13    19    12.7    9.5    21        14       16     10.7        W1/2
14.29  12    21.4  14.3    11     24        16.5     17     12.3        W9/16
15.88  11    23.8  15.8    12.7   26        17       19     13.9        W5/8
19.05  10    28.6  19      15.9   32        20       21     16.7        W3/4
22.22  9     33    22.3    19     36        23.5     25     19.5        W7/8
25.4   8     38    25.4    19     41        26.5     29     22.2        W1
------------------------------------------------------------------------
